4800: 00 00 00 00 00 00 00 00 
4808: 00 00 00 00 00 00 00 00 
4810: 00 00 00 00 00 00 00 00 
4818: 00 00 00 00 00 00 00 00 
4820: 00 00 00 00 00 00 00 00 
4828: 00 00 00 00 00 00 00 00 
4830: 00 00 00 00 00 00 00 00 
4838: 00 00 00 00 00 00 00 00 
4840: 00 00 00 00 00 00 00 00 
4848: 00 00 00 00 00 00 00 00 
4850: 00 00 00 00 00 00 00 00 
4858: 00 00 00 00 00 00 00 00 
4860: 00 00 00 00 00 00 00 00 
4868: 00 00 00 00 00 00 00 00 
4870: 00 00 00 00 00 00 00 00 
4878: 00 00 00 00 00 00 00 00 
4880: 00 00 00 00 00 00 00 00 
4888: 00 00 00 00 00 00 00 00 
4890: 00 00 00 00 00 00 00 00 
4898: 00 00 00 00 00 00 00 00 
48A0: 00 00 00 00 00 00 00 00 
48A8: 00 00 00 00 00 00 00 00 
48B0: 00 00 00 00 00 00 00 00 
48B8: 00 00 00 00 00 00 00 00 
48C0: 00 00 00 00 00 00 00 00 
48C8: 00 00 00 00 00 00 00 00 
48D0: 00 00 00 00 00 00 00 00 
48D8: 00 00 00 00 00 00 00 00 
48E0: 00 00 00 00 00 00 00 00 
48E8: 00 00 00 00 00 00 00 00 
48F0: 00 00 00 00 00 00 00 00 
48F8: 00 00 00 00 00 00 00 00 
4900: 00 00 00 00 00 00 00 00 
4908: 00 00 00 00 00 00 00 00 
4910: 00 00 00 00 00 00 00 00 
4918: 00 00 00 00 00 00 00 00 
4920: 00 00 00 00 00 00 00 00 
4928: 00 00 00 00 00 00 00 00 
4930: 00 00 00 00 00 00 00 00 
4938: 00 00 00 00 00 00 00 00 
4940: 00 00 00 00 00 00 00 00 
4948: 00 00 00 00 00 00 00 00 
4950: 00 00 00 00 00 00 00 00 
4958: 00 00 00 00 00 00 00 00 
4960: 00 00 00 00 00 00 00 00 
4968: 00 00 00 00 00 00 00 00 
4970: 00 00 00 00 00 00 00 00 
4978: 00 00 00 00 00 00 00 00 
4980: 00 00 00 00 00 00 00 00 
4988: 00 00 00 00 00 00 00 00 
4990: 00 00 00 00 00 00 00 00 
4998: 00 00 00 00 00 00 00 00 
49A0: 00 00 00 00 00 00 00 00 
49A8: 00 00 00 00 00 00 00 00 
49B0: 00 00 00 00 00 00 00 00 
49B8: 00 00 00 00 00 00 00 00 
49C0: 00 00 00 00 00 00 00 00 
49C8: 00 00 00 00 00 00 00 00 
49D0: 00 00 00 00 00 00 00 00 
49D8: 00 00 00 00 00 00 00 00 
49E0: 00 00 00 00 00 00 00 00 
49E8: 00 00 00 00 00 00 00 00 
49F0: 00 00 00 00 00 00 00 00 
49F8: 00 00 00 00 00 00 00 00 
4A00: 00 00 00 00 00 00 00 00 
4A08: 00 00 00 00 00 00 00 00 
4A10: 00 00 00 00 00 00 00 00 
4A18: 00 00 00 00 00 00 00 00 
4A20: 00 00 00 00 00 00 00 00 
4A28: 00 00 00 00 00 00 00 00 
4A30: 00 00 00 00 00 00 00 00 
4A38: 00 00 00 00 00 00 00 00 
4A40: 00 00 00 00 00 00 00 00 
4A48: 00 00 00 00 00 00 00 00 
4A50: 00 00 00 00 00 00 00 00 
4A58: 00 00 00 00 00 00 00 00 
4A60: 00 00 00 00 00 00 00 00 
4A68: 00 00 00 00 00 00 00 00 
4A70: 00 00 00 00 00 00 00 00 
4A78: 00 00 00 00 00 00 00 00 
4A80: 00 00 00 00 00 00 00 00 
4A88: 00 00 00 00 00 00 00 00 
4A90: 00 00 00 00 00 00 00 00 
4A98: 00 00 00 00 00 00 00 00 
4AA0: 00 00 00 00 00 00 00 00 
4AA8: 00 00 00 00 00 00 00 00 
4AB0: 00 00 00 00 00 00 00 00 
4AB8: 00 00 00 00 00 00 00 00 
4AC0: 00 00 00 00 00 00 00 00 
4AC8: 00 00 00 00 00 00 00 00 
4AD0: 00 00 00 00 00 00 00 00 
4AD8: 00 00 00 00 00 00 00 00 
4AE0: 00 00 00 00 00 00 00 00 
4AE8: 00 00 00 00 00 00 00 00 
4AF0: 00 00 00 00 00 00 00 00 
4AF8: 00 00 00 00 00 00 00 00 
4B00: 00 00 00 00 00 00 00 00 
4B08: 00 00 00 00 00 00 00 00 
4B10: 00 00 00 00 00 00 00 00 
4B18: 00 00 00 00 00 00 00 00 
4B20: 00 00 00 00 00 00 00 00 
4B28: 00 00 00 00 00 00 00 00 
4B30: 00 00 00 00 00 00 00 00 
4B38: 00 00 00 00 00 00 00 00 
4B40: 00 00 00 00 00 00 00 00 
4B48: 00 00 00 00 00 00 00 00 
4B50: 00 00 00 00 00 00 00 00 
4B58: 00 00 00 00 00 00 00 00 
4B60: 00 00 00 00 00 00 00 00 
4B68: 00 00 00 00 00 00 00 00 
4B70: 00 00 00 00 00 00 00 00 
4B78: 00 00 00 00 00 00 00 00 
4B80: 00 00 00 00 00 00 00 00 
4B88: 00 00 00 00 00 00 00 00 
4B90: 00 00 00 00 00 00 00 00 
4B98: 00 00 00 00 00 00 00 00 
4BA0: 00 00 00 00 00 00 00 00 
4BA8: 00 00 00 00 00 00 00 00 
4BB0: 00 00 00 00 00 00 00 00 
4BB8: 00 00 00 00 00 00 00 00 
4BC0: 00 00 00 00 00 00 00 00 
4BC8: 00 00 00 00 00 00 00 00 
4BD0: 00 00 00 00 00 00 00 00 
4BD8: 00 00 00 00 00 00 00 00 
4BE0: 00 00 00 00 00 00 00 00 
4BE8: 00 00 00 00 00 00 00 00 
4BF0: 00 00 00 00 00 00 00 00 
4BF8: 00 00 00 00 00 00 00 00 
